,Edinburgh,New York City,Miami,Barcelona,Lisbon,Rome,Paris,Dubai,Cape Town,Singapore,Tokyo
Edinburgh,0,313.0,288.0,65.0,75.0,40.0,62.0,333.0,401.0,363.0,382.0
New York City,313.0,0,57.0,640.0,262.0,482.0,295.0,377.0,393.0,415.0,451.0
Miami,279.0,72.0,0,319.0,496.0,261.0,345.0,903.0,422.0,479.0,356.0
Barcelona,39.0,206.0,194.0,0,17.0,13.0,40.0,366.0,320.0,210.0,370.0
Lisbon,42.0,242.0,249.0,30.0,0,28.0,41.0,311.0,252.0,262.0,373.0
Rome,36.0,247.0,268.0,36.0,47.0,0,44.0,242.0,337.0,213.0,338.0
Paris,37.0,327.0,252.0,25.0,50.0,50.0,0,174.0,324.0,248.0,410.0
Dubai,305.0,605.0,543.0,312.0,275.0,262.0,229.0,0,349.0,171.0,301.0
Cape Town,322.0,422.0,436.0,312.0,303.0,268.0,334.0,367.0,0,362.0,488.0
Singapore,240.0,375.0,440.0,255.0,268.0,234.0,286.0,189.0,423.0,0,147.0
Tokyo,353.0,534.0,1176.0,321.0,372.0,1341.0,287.0,335.0,417.0,133.0,0
